==================================================
=== 积分计算结果 ===
==================================================
计算时间: 603.80分钟
积分结果: -0.01081349 ± 0.00000319
相对误差: 0.0295%
Q值: 0.3797

详细信息:
itn   integral        average         chi2/dof        Q
-------------------------------------------------------
  1   -0.010815(45)   -0.010815(45)       0.00     1.00
  2   -0.010822(45)   -0.010819(32)       0.01     0.92
  3   -0.010898(45)   -0.010845(26)       1.04     0.35
  4   -0.010836(45)   -0.010843(23)       0.70     0.55
  5   -0.010760(45)   -0.010826(20)       1.21     0.30
  6   -0.010843(45)   -0.010829(18)       0.99     0.42
  7   -0.010859(45)   -0.010833(17)       0.89     0.50
  8   -0.010756(45)   -0.010824(16)       1.13     0.34
  9   -0.010768(45)   -0.010817(15)       1.16     0.32
 10   -0.010809(45)   -0.010817(14)       1.03     0.41
 11   -0.010782(45)   -0.010813(14)       0.98     0.46
 12   -0.010788(45)   -0.010811(13)       0.92     0.52
 13   -0.010792(45)   -0.010810(12)       0.86     0.59
 14   -0.010813(46)   -0.010810(12)       0.79     0.67
 15   -0.010762(45)   -0.010807(12)       0.81     0.66
 16   -0.010792(45)   -0.010806(11)       0.76     0.72
 17   -0.010843(45)   -0.010808(11)       0.75     0.74
 18   -0.010798(45)   -0.010808(11)       0.71     0.79
 19   -0.010785(45)   -0.010806(10)       0.69     0.83
 20   -0.010789(45)   -0.010805(10)       0.66     0.86
 21   -0.010804(45)   -0.0108054(98)      0.62     0.90
 22   -0.010805(45)   -0.0108054(96)      0.60     0.93
 23   -0.010899(45)   -0.0108095(94)      0.76     0.78
 24   -0.010805(45)   -0.0108093(92)      0.72     0.83
 25   -0.010854(45)   -0.0108111(90)      0.73     0.82
 26   -0.010831(45)   -0.0108118(88)      0.71     0.85
 27   -0.010796(45)   -0.0108113(87)      0.69     0.88
 28   -0.010822(45)   -0.0108116(85)      0.66     0.91
 29   -0.010767(45)   -0.0108101(84)      0.67     0.90
 30   -0.010765(45)   -0.0108086(82)      0.68     0.90
 31   -0.010820(45)   -0.0108090(81)      0.66     0.92
 32   -0.010807(45)   -0.0108089(80)      0.64     0.94
 33   -0.010862(45)   -0.0108105(79)      0.66     0.93
 34   -0.010742(45)   -0.0108085(77)      0.71     0.89
 35   -0.010798(45)   -0.0108082(76)      0.69     0.91
 36   -0.010815(45)   -0.0108084(75)      0.67     0.93
 37   -0.010832(45)   -0.0108091(74)      0.66     0.94
 38   -0.010861(45)   -0.0108104(73)      0.68     0.93
 39   -0.010791(45)   -0.0108099(72)      0.67     0.94
 40   -0.010788(45)   -0.0108094(71)      0.65     0.95
 41   -0.010783(45)   -0.0108088(70)      0.65     0.96
 42   -0.010714(45)   -0.0108065(70)      0.74     0.89
 43   -0.010808(45)   -0.0108065(69)      0.72     0.91
 44   -0.010806(45)   -0.0108065(68)      0.70     0.93
 45   -0.010760(45)   -0.0108055(67)      0.71     0.93
 46   -0.010874(45)   -0.0108070(66)      0.74     0.90
 47   -0.010784(45)   -0.0108065(66)      0.73     0.91
 48   -0.010781(45)   -0.0108060(65)      0.72     0.92
 49   -0.010845(45)   -0.0108068(64)      0.72     0.92
 50   -0.010835(45)   -0.0108073(64)      0.72     0.93
 51   -0.010895(45)   -0.0108091(63)      0.78     0.88
 52   -0.010794(45)   -0.0108088(63)      0.76     0.89
 53   -0.010869(45)   -0.0108099(62)      0.78     0.87
 54   -0.010749(45)   -0.0108088(61)      0.80     0.85
 55   -0.010886(45)   -0.0108102(61)      0.84     0.80
 56   -0.010790(45)   -0.0108098(60)      0.83     0.82
 57   -0.010884(45)   -0.0108111(60)      0.86     0.77
 58   -0.010716(45)   -0.0108095(59)      0.92     0.65
 59   -0.010823(45)   -0.0108097(59)      0.91     0.68
 60   -0.010790(45)   -0.0108094(58)      0.89     0.70
 61   -0.010858(45)   -0.0108102(58)      0.90     0.70
 62   -0.010788(45)   -0.0108098(57)      0.89     0.72
 63   -0.010759(45)   -0.0108090(57)      0.89     0.71
 64   -0.010791(46)   -0.0108087(56)      0.88     0.74
 65   -0.010805(45)   -0.0108087(56)      0.87     0.77
 66   -0.010664(45)   -0.0108065(56)      1.01     0.46
 67   -0.010851(45)   -0.0108072(55)      1.01     0.46
 68   -0.010823(45)   -0.0108074(55)      1.00     0.49
 69   -0.010836(45)   -0.0108078(54)      0.99     0.51
 70   -0.010927(45)   -0.0108095(54)      1.07     0.32
 71   -0.010763(45)   -0.0108088(54)      1.07     0.32
 72   -0.010843(45)   -0.0108093(53)      1.06     0.33
 73   -0.010788(45)   -0.0108090(53)      1.05     0.36
 74   -0.010881(45)   -0.0108100(52)      1.07     0.32
 75   -0.010884(45)   -0.0108110(52)      1.09     0.27
 76   -0.010824(45)   -0.0108111(52)      1.08     0.30
 77   -0.010855(45)   -0.0108117(51)      1.08     0.30
 78   -0.010812(45)   -0.0108117(51)      1.06     0.33
 79   -0.010749(45)   -0.0108109(51)      1.08     0.30
 80   -0.010842(45)   -0.0108113(50)      1.07     0.32
 81   -0.010846(45)   -0.0108117(50)      1.06     0.33
 82   -0.010858(45)   -0.0108123(50)      1.06     0.33
 83   -0.010882(45)   -0.0108131(49)      1.08     0.30
 84   -0.010836(45)   -0.0108134(49)      1.07     0.32
 85   -0.010726(45)   -0.0108124(49)      1.10     0.25
 86   -0.010893(45)   -0.0108133(49)      1.12     0.21
 87   -0.010837(45)   -0.0108136(48)      1.11     0.22
 88   -0.010781(45)   -0.0108132(48)      1.11     0.24
 89   -0.010792(45)   -0.0108130(48)      1.10     0.25
 90   -0.010786(45)   -0.0108127(48)      1.09     0.27
 91   -0.010755(45)   -0.0108120(47)      1.09     0.26
 92   -0.010802(45)   -0.0108119(47)      1.08     0.28
 93   -0.010845(45)   -0.0108123(47)      1.08     0.29
 94   -0.010860(45)   -0.0108128(46)      1.08     0.29
 95   -0.010803(45)   -0.0108127(46)      1.07     0.31
 96   -0.010892(45)   -0.0108135(46)      1.09     0.27
 97   -0.010784(45)   -0.0108132(46)      1.08     0.28
 98   -0.010819(45)   -0.0108132(46)      1.07     0.30
 99   -0.010772(45)   -0.0108128(45)      1.07     0.31
100   -0.010822(45)   -0.0108129(45)      1.06     0.33
101   -0.010807(45)   -0.0108129(45)      1.04     0.36
102   -0.010755(45)   -0.0108123(45)      1.05     0.34
103   -0.010787(45)   -0.0108121(44)      1.04     0.36
104   -0.010737(45)   -0.0108113(44)      1.06     0.32
105   -0.010854(45)   -0.0108117(44)      1.06     0.32
106   -0.010871(45)   -0.0108123(44)      1.06     0.31
107   -0.010816(45)   -0.0108123(44)      1.05     0.33
108   -0.010846(45)   -0.0108126(43)      1.05     0.34
109   -0.010787(45)   -0.0108124(43)      1.04     0.36
110   -0.010786(45)   -0.0108122(43)      1.04     0.38
111   -0.010836(45)   -0.0108124(43)      1.03     0.39
112   -0.010781(45)   -0.0108121(43)      1.03     0.41
113   -0.010739(45)   -0.0108114(42)      1.04     0.37
114   -0.010773(45)   -0.0108111(42)      1.04     0.37
115   -0.010816(45)   -0.0108111(42)      1.03     0.40
116   -0.010837(45)   -0.0108114(42)      1.02     0.42
117   -0.010846(45)   -0.0108117(42)      1.02     0.43
118   -0.010736(45)   -0.0108110(41)      1.03     0.38
119   -0.010837(45)   -0.0108112(41)      1.03     0.40
120   -0.010764(45)   -0.0108109(41)      1.03     0.40
121   -0.010822(45)   -0.0108109(41)      1.02     0.42
122   -0.010863(45)   -0.0108114(41)      1.02     0.41
123   -0.010820(45)   -0.0108114(41)      1.01     0.44
124   -0.010825(45)   -0.0108115(40)      1.01     0.46
125   -0.010858(45)   -0.0108119(40)      1.01     0.46
126   -0.010822(45)   -0.0108120(40)      1.00     0.48
127   -0.010751(45)   -0.0108115(40)      1.01     0.46
128   -0.010804(45)   -0.0108115(40)      1.00     0.49
129   -0.010836(45)   -0.0108116(40)      0.99     0.51
130   -0.010784(45)   -0.0108114(40)      0.99     0.52
131   -0.010870(45)   -0.0108119(39)      0.99     0.50
132   -0.010841(45)   -0.0108121(39)      0.99     0.52
133   -0.010809(45)   -0.0108121(39)      0.98     0.54
134   -0.010799(45)   -0.0108120(39)      0.97     0.57
135   -0.010863(45)   -0.0108124(39)      0.98     0.56
136   -0.010784(45)   -0.0108122(39)      0.97     0.57
137   -0.010827(45)   -0.0108123(39)      0.97     0.59
138   -0.010798(45)   -0.0108122(38)      0.96     0.62
139   -0.010861(45)   -0.0108125(38)      0.96     0.61
140   -0.010828(45)   -0.0108126(38)      0.96     0.63
141   -0.010827(45)   -0.0108127(38)      0.95     0.65
142   -0.010877(45)   -0.0108132(38)      0.96     0.63
143   -0.010780(45)   -0.0108129(38)      0.95     0.64
144   -0.010826(45)   -0.0108130(38)      0.95     0.66
145   -0.010822(45)   -0.0108131(37)      0.94     0.68
146   -0.010841(45)   -0.0108133(37)      0.94     0.69
147   -0.010811(45)   -0.0108133(37)      0.93     0.71
148   -0.010867(45)   -0.0108136(37)      0.93     0.70
149   -0.010758(45)   -0.0108133(37)      0.94     0.69
150   -0.010795(45)   -0.0108132(37)      0.93     0.71
151   -0.010782(45)   -0.0108129(37)      0.93     0.72
152   -0.010900(45)   -0.0108135(37)      0.95     0.66
153   -0.010836(45)   -0.0108137(36)      0.94     0.68
154   -0.010763(45)   -0.0108133(36)      0.95     0.67
155   -0.010892(45)   -0.0108138(36)      0.96     0.63
156   -0.010792(45)   -0.0108137(36)      0.95     0.64
157   -0.010789(45)   -0.0108135(36)      0.95     0.66
158   -0.010788(45)   -0.0108134(36)      0.95     0.67
159   -0.010804(45)   -0.0108133(36)      0.94     0.69
160   -0.010807(45)   -0.0108133(36)      0.94     0.71
161   -0.010797(45)   -0.0108132(36)      0.93     0.73
162   -0.010835(45)   -0.0108133(35)      0.93     0.74
163   -0.010896(45)   -0.0108138(35)      0.94     0.69
164   -0.010751(45)   -0.0108134(35)      0.95     0.67
165   -0.010814(45)   -0.0108135(35)      0.94     0.69
166   -0.010878(45)   -0.0108138(35)      0.95     0.67
167   -0.010765(45)   -0.0108136(35)      0.95     0.67
168   -0.010817(45)   -0.0108136(35)      0.94     0.69
169   -0.010892(45)   -0.0108140(35)      0.96     0.65
170   -0.010810(45)   -0.0108140(35)      0.95     0.67
171   -0.010721(45)   -0.0108135(34)      0.97     0.60
172   -0.010919(45)   -0.0108141(34)      1.00     0.50
173   -0.010867(45)   -0.0108144(34)      1.00     0.49
174   -0.010848(45)   -0.0108146(34)      1.00     0.50
175   -0.010795(45)   -0.0108145(34)      0.99     0.52
176   -0.010764(45)   -0.0108142(34)      0.99     0.51
177   -0.010889(45)   -0.0108146(34)      1.00     0.48
178   -0.010758(45)   -0.0108143(34)      1.01     0.47
179   -0.010838(45)   -0.0108144(34)      1.00     0.48
180   -0.010862(45)   -0.0108147(34)      1.00     0.48
181   -0.010761(45)   -0.0108144(33)      1.00     0.47
182   -0.010726(45)   -0.0108139(33)      1.02     0.41
183   -0.010844(45)   -0.0108141(33)      1.02     0.42
184   -0.010874(45)   -0.0108144(33)      1.02     0.41
185   -0.010788(45)   -0.0108142(33)      1.02     0.42
186   -0.010777(45)   -0.0108140(33)      1.02     0.43
187   -0.010738(45)   -0.0108136(33)      1.03     0.39
188   -0.010790(45)   -0.0108135(33)      1.02     0.41
189   -0.010846(45)   -0.0108137(33)      1.02     0.42
190   -0.010786(45)   -0.0108135(33)      1.02     0.43
191   -0.010779(45)   -0.0108134(33)      1.01     0.44
192   -0.010738(45)   -0.0108130(33)      1.02     0.40
193   -0.010877(45)   -0.0108133(32)      1.03     0.38
194   -0.010893(45)   -0.0108137(32)      1.04     0.34
195   -0.010863(45)   -0.0108140(32)      1.04     0.34
196   -0.010749(45)   -0.0108136(32)      1.04     0.32
197   -0.010785(45)   -0.0108135(32)      1.04     0.33
198   -0.010790(45)   -0.0108134(32)      1.04     0.35
199   -0.010834(45)   -0.0108135(32)      1.03     0.36
200   -0.010815(45)   -0.0108135(32)      1.03     0.38

==================================================
