==================================================
=== 积分计算结果 ===
==================================================
计算时间: 1307.99分钟
积分结果: -0.00029252 ± 0.00052293
相对误差: 178.7681%
Q值: 0.9844

详细信息:
itn   integral        wgt average     chi2/dof        Q
-------------------------------------------------------
  1   -0.030(16)      -0.030(16)          0.00     1.00
  2   -0.003(11)      -0.0118(89)         2.08     0.15
  3   0.012(11)       -0.0026(70)         2.39     0.09
  4   0.0006(110)     -0.0017(59)         1.61     0.18
  5   0.003(11)       -0.0007(52)         1.24     0.29
  6   0.017(11)       0.0026(47)          1.45     0.20
  7   -0.007(11)      0.0011(43)          1.32     0.24
  8   -0.008(11)      -0.0001(40)         1.21     0.29
  9   -0.012(11)      -0.0016(38)         1.21     0.29
 10   0.006(11)       -0.0008(35)         1.12     0.35
 11   -0.009(11)      -0.0016(34)         1.05     0.40
 12   0.012(11)       -0.0004(32)         1.08     0.37
 13   0.013(11)       0.0007(31)          1.11     0.35
 14   -0.007(11)      0.00010(296)        1.06     0.39
 15   0.009(11)       0.0007(28)          1.02     0.43
 16   0.008(11)       0.0012(28)          0.99     0.47
 17   0.003(11)       0.0013(27)          0.93     0.54
 18   0.013(11)       0.0020(26)          0.94     0.53
 19   -0.0001(106)    0.0019(25)          0.89     0.59
 20   0.012(11)       0.0024(24)          0.89     0.60
 21   -0.006(11)      0.0020(24)          0.87     0.63
 22   0.005(11)       0.0022(23)          0.83     0.68
 23   0.017(11)       0.0029(23)          0.88     0.62
 24   -0.012(11)      0.0022(22)          0.92     0.57
 25   -0.003(11)      0.0020(22)          0.89     0.61
 26   -0.011(11)      0.0015(21)          0.91     0.59
 27   -0.011(11)      0.0010(21)          0.93     0.56
 28   0.005(11)       0.0011(20)          0.90     0.61
 29   0.002(11)       0.0011(20)          0.87     0.66
 30   -0.004(11)      0.0009(20)          0.85     0.70
 31   0.007(11)       0.0012(19)          0.83     0.72
 32   -0.002(11)      0.0011(19)          0.81     0.76
 33   -0.006(10)      0.0008(19)          0.80     0.78
 34   0.016(10)       0.0013(18)          0.83     0.74
 35   0.014(11)       0.0017(18)          0.85     0.71
 36   0.008(10)       0.0019(18)          0.84     0.74
 37   -0.009(10)      0.0016(18)          0.84     0.74
 38   0.009(11)       0.0017(17)          0.83     0.76
 39   0.004(10)       0.0018(17)          0.81     0.79
 40   -0.010(10)      0.0015(17)          0.82     0.78
 41   -0.018(10)      0.0010(17)          0.88     0.68
 42   -0.014(10)      0.0007(17)          0.91     0.64
 43   -0.0002(105)    0.0006(16)          0.89     0.68
 44   -0.006(11)      0.0005(16)          0.88     0.70
 45   0.016(10)       0.0008(16)          0.91     0.65
 46   -0.020(10)      0.0004(16)          0.97     0.53
 47   0.003(10)       0.0004(16)          0.95     0.57
 48   0.002(10)       0.0005(15)          0.93     0.61
 49   -0.007(10)      0.0003(15)          0.92     0.63
 50   -0.002(10)      0.0003(15)          0.90     0.67
 51   -0.005(10)      0.0001(15)          0.89     0.70
 52   0.005(10)       0.0002(15)          0.88     0.72
 53   -0.010(10)      0.00005(146)        0.88     0.72
 54   -0.014(10)      -0.0002(14)         0.89     0.70
 55   0.003(10)       -0.0002(14)         0.88     0.73
 56   -0.008(10)      -0.0003(14)         0.87     0.74
 57   0.0001(104)     -0.0003(14)         0.86     0.77
 58   -0.009(10)      -0.0004(14)         0.85     0.78
 59   -0.008(10)      -0.0006(14)         0.85     0.79
 60   0.008(11)       -0.0004(14)         0.84     0.80
 61   0.0004(104)     -0.0004(14)         0.83     0.83
 62   0.001(10)       -0.0004(13)         0.82     0.85
 63   -0.0008(104)    -0.0004(13)         0.80     0.87
 64   0.011(10)       -0.0002(13)         0.81     0.86
 65   0.002(10)       -0.0002(13)         0.80     0.88
 66   0.009(11)       -0.00004(131)       0.80     0.88
 67   -0.007(10)      -0.0001(13)         0.79     0.89
 68   0.005(10)       -0.00007(129)       0.78     0.91
 69   0.001(10)       -0.00005(128)       0.77     0.92
 70   0.002(10)       -0.00002(127)       0.76     0.93
 71   -0.005(10)      -0.00009(126)       0.75     0.94
 72   -0.0006(104)    -0.00009(125)       0.74     0.95
 73   -0.025(10)      -0.0004(12)         0.81     0.88
 74   -0.012(10)      -0.0006(12)         0.81     0.87
 75   0.004(10)       -0.0005(12)         0.81     0.89
 76   0.009(10)       -0.0004(12)         0.81     0.89
 77   0.012(10)       -0.0003(12)         0.81     0.88
 78   -0.005(10)      -0.0003(12)         0.81     0.89
 79   -0.001(10)      -0.0003(12)         0.80     0.91
 80   0.005(10)       -0.0003(12)         0.79     0.92
 81   0.0009(104)     -0.0002(12)         0.78     0.93
 82   0.002(10)       -0.0002(12)         0.77     0.94
 83   -0.005(10)      -0.0003(12)         0.76     0.95
 84   -0.016(10)      -0.0005(12)         0.78     0.93
 85   0.019(10)       -0.0002(11)         0.81     0.89
 86   0.004(10)       -0.0002(11)         0.81     0.90
 87   0.011(10)       -0.00006(113)       0.81     0.90
 88   0.004(10)       -0.000009(1126)     0.80     0.91
 89   -0.002(10)      -0.00003(112)       0.79     0.92
 90   -0.020(10)      -0.0003(11)         0.83     0.88
 91   -0.010(10)      -0.0004(11)         0.83     0.88
 92   0.003(10)       -0.0003(11)         0.82     0.90
 93   0.007(10)       -0.0003(11)         0.81     0.90
 94   -0.005(10)      -0.0003(11)         0.81     0.91
 95   0.005(10)       -0.0003(11)         0.80     0.92
 96   -0.019(10)      -0.0005(11)         0.83     0.89
 97   -0.007(10)      -0.0005(11)         0.82     0.90
 98   0.005(10)       -0.0005(11)         0.82     0.90
 99   0.007(10)       -0.0004(11)         0.81     0.91
100   -0.003(10)      -0.0004(11)         0.81     0.92
101   0.009(10)       -0.0003(10)         0.81     0.92
102   0.003(10)       -0.0003(10)         0.80     0.93
103   0.019(10)       -0.0001(10)         0.82     0.90
104   -0.010(10)      -0.0002(10)         0.82     0.90
105   0.005(10)       -0.0001(10)         0.82     0.91
106   -0.0008(105)    -0.0002(10)         0.81     0.92
107   0.003(10)       -0.0001(10)         0.80     0.93
108   0.002(10)       -0.00010(101)       0.80     0.94
109   0.013(10)       0.00003(101)        0.81     0.93
110   -0.010(10)      -0.00007(100)       0.81     0.93
111   0.009(10)       0.00001(100)        0.81     0.93
112   -0.014(10)      -0.0001(10)         0.81     0.92
113   0.011(10)       -0.000007(991)      0.82     0.92
114   0.002(10)       0.00001(99)         0.81     0.93
115   -0.002(10)      -0.000008(982)      0.80     0.94
116   -0.004(10)      -0.00005(98)        0.80     0.95
117   -0.005(10)      -0.00009(97)        0.79     0.95
118   -0.018(10)      -0.00025(97)        0.81     0.93
119   -0.002(10)      -0.00026(96)        0.81     0.94
120   -0.015(10)      -0.00038(96)        0.81     0.93
121   -0.011(10)      -0.00047(96)        0.82     0.93
122   0.002(10)       -0.00045(95)        0.81     0.94
123   0.006(10)       -0.00040(95)        0.81     0.94
124   -0.014(10)      -0.00051(94)        0.81     0.94
125   -0.011(10)      -0.00059(94)        0.81     0.94
126   0.005(10)       -0.00055(94)        0.81     0.94
127   0.009(10)       -0.00047(93)        0.81     0.94
128   -0.013(10)      -0.00058(93)        0.82     0.94
129   0.012(10)       -0.00048(93)        0.82     0.93
130   -0.009(10)      -0.00055(92)        0.82     0.93
131   -0.006(10)      -0.00059(92)        0.82     0.94
132   0.001(10)       -0.00057(91)        0.81     0.95
133   -0.0002(104)    -0.00057(91)        0.80     0.95
134   -0.016(10)      -0.00069(91)        0.81     0.94
135   -0.006(10)      -0.00072(90)        0.81     0.95
136   0.006(10)       -0.00067(90)        0.81     0.95
137   -0.009(10)      -0.00074(90)        0.80     0.95
138   -0.003(10)      -0.00075(89)        0.80     0.96
139   0.009(10)       -0.00068(89)        0.80     0.96
140   -0.025(10)      -0.00086(89)        0.83     0.92
141   -0.003(10)      -0.00088(88)        0.83     0.93
142   0.002(10)       -0.00086(88)        0.82     0.94
143   -0.013(10)      -0.00094(88)        0.83     0.94
144   -0.005(10)      -0.00097(88)        0.82     0.94
145   -0.010(10)      -0.00103(87)        0.82     0.94
146   0.007(10)       -0.00097(87)        0.82     0.95
147   0.001(10)       -0.00096(87)        0.81     0.95
148   -0.002(10)      -0.00096(86)        0.81     0.96
149   -0.010(10)      -0.00103(86)        0.81     0.96
150   0.0008(104)     -0.00102(86)        0.80     0.96
151   0.011(10)       -0.00093(85)        0.81     0.96
152   -0.009(10)      -0.00099(85)        0.80     0.96
153   0.013(10)       -0.00090(85)        0.81     0.96
154   0.011(10)       -0.00082(85)        0.81     0.96
155   -0.017(10)      -0.00093(84)        0.82     0.95
156   -0.015(10)      -0.00102(84)        0.83     0.94
157   -0.014(10)      -0.00110(84)        0.83     0.94
158   -0.0009(104)    -0.00110(84)        0.83     0.94
159   0.002(10)       -0.00108(83)        0.82     0.95
160   -0.003(10)      -0.00110(83)        0.82     0.95
161   0.005(10)       -0.00106(83)        0.82     0.96
162   0.002(10)       -0.00104(82)        0.81     0.96
163   -0.004(10)      -0.00106(82)        0.81     0.97
164   -0.013(10)      -0.00113(82)        0.81     0.96
165   -0.016(10)      -0.00123(82)        0.82     0.96
166   0.008(10)       -0.00117(81)        0.82     0.96
167   -0.017(10)      -0.00127(81)        0.83     0.95
168   -0.0002(104)    -0.00126(81)        0.82     0.95
169   0.007(11)       -0.00121(81)        0.82     0.96
170   -0.003(10)      -0.00122(80)        0.82     0.96
171   -0.003(10)      -0.00123(80)        0.81     0.97
172   0.0002(104)     -0.00122(80)        0.81     0.97
173   0.002(10)       -0.00121(80)        0.80     0.97
174   -0.003(10)      -0.00122(80)        0.80     0.98
175   -0.009(10)      -0.00127(79)        0.80     0.98
176   -0.011(10)      -0.00132(79)        0.80     0.98
177   0.008(10)       -0.00127(79)        0.80     0.98
178   -0.019(10)      -0.00137(79)        0.81     0.97
179   0.006(10)       -0.00133(78)        0.81     0.97
180   0.002(10)       -0.00131(78)        0.80     0.97
181   -0.0002(104)    -0.00131(78)        0.80     0.98
182   0.010(10)       -0.00124(78)        0.80     0.98
183   0.015(10)       -0.00115(78)        0.81     0.97
184   -0.009(10)      -0.00120(77)        0.81     0.97
185   0.001(10)       -0.00118(77)        0.81     0.98
186   -0.001(10)      -0.00118(77)        0.80     0.98
187   -0.013(10)      -0.00125(77)        0.80     0.98
188   0.006(10)       -0.00121(76)        0.80     0.98
189   0.006(10)       -0.00117(76)        0.80     0.98
190   -0.009(10)      -0.00121(76)        0.80     0.98
191   -0.009(10)      -0.00125(76)        0.80     0.98
192   0.020(10)       -0.00114(76)        0.82     0.97
193   0.004(10)       -0.00111(75)        0.81     0.97
194   -0.015(10)      -0.00118(75)        0.82     0.97
195   0.001(10)       -0.00117(75)        0.81     0.97
196   0.013(10)       -0.00110(75)        0.82     0.97
197   -0.008(10)      -0.00113(75)        0.82     0.97
198   -0.005(10)      -0.00115(74)        0.81     0.97
199   -0.011(10)      -0.00120(74)        0.81     0.97
200   -0.007(10)      -0.00123(74)        0.81     0.98
201   0.002(10)       -0.00121(74)        0.81     0.98
202   0.029(10)       -0.00106(74)        0.84     0.95
203   0.012(10)       -0.00100(74)        0.85     0.94
204   0.005(10)       -0.00097(73)        0.85     0.95
205   -0.004(10)      -0.00098(73)        0.84     0.95
206   0.008(10)       -0.00094(73)        0.84     0.95
207   -0.009(10)      -0.00098(73)        0.84     0.95
208   0.003(10)       -0.00096(73)        0.84     0.96
209   0.028(10)       -0.00082(72)        0.87     0.92
210   -0.00003(1040)  -0.00081(72)        0.86     0.92
211   0.0006(104)     -0.00081(72)        0.86     0.93
212   -0.005(10)      -0.00083(72)        0.86     0.93
213   -0.006(10)      -0.00085(72)        0.85     0.94
214   -0.004(10)      -0.00087(72)        0.85     0.94
215   -0.005(10)      -0.00089(71)        0.85     0.95
216   0.003(10)       -0.00087(71)        0.84     0.95
217   -0.001(10)      -0.00087(71)        0.84     0.96
218   0.015(10)       -0.00080(71)        0.85     0.95
219   0.007(10)       -0.00076(71)        0.85     0.95
220   -0.001(10)      -0.00076(71)        0.84     0.96
221   0.007(10)       -0.00073(70)        0.84     0.96
222   -0.006(10)      -0.00075(70)        0.84     0.96
223   0.005(10)       -0.00073(70)        0.84     0.96
224   -0.013(10)      -0.00078(70)        0.84     0.96
225   -0.001(10)      -0.00078(70)        0.83     0.97
226   -0.008(10)      -0.00082(70)        0.83     0.97
227   0.0006(104)     -0.00081(69)        0.83     0.97
228   -0.006(12)      -0.00083(69)        0.83     0.97
229   0.007(10)       -0.00080(69)        0.82     0.97
230   0.002(10)       -0.00078(69)        0.82     0.98
231   -0.004(10)      -0.00080(69)        0.82     0.98
232   0.0007(104)     -0.00079(69)        0.81     0.98
233   0.003(10)       -0.00077(69)        0.81     0.98
234   0.005(10)       -0.00075(68)        0.81     0.98
235   -0.0003(104)    -0.00074(68)        0.81     0.99
236   -0.012(10)      -0.00080(68)        0.81     0.99
237   0.009(10)       -0.00075(68)        0.81     0.99
238   0.026(10)       -0.00064(68)        0.83     0.97
239   0.007(10)       -0.00061(68)        0.83     0.97
240   0.001(10)       -0.00060(68)        0.83     0.98
241   0.003(10)       -0.00058(67)        0.83     0.98
242   -0.024(10)      -0.00068(67)        0.84     0.96
243   -0.010(10)      -0.00072(67)        0.84     0.96
244   -0.0006(104)    -0.00072(67)        0.84     0.97
245   0.014(11)       -0.00066(67)        0.84     0.96
246   0.025(10)       -0.00056(67)        0.86     0.94
247   -0.008(10)      -0.00059(67)        0.86     0.94
248   -0.010(10)      -0.00062(66)        0.86     0.94
249   -0.002(10)      -0.00063(66)        0.86     0.95
250   -0.006(10)      -0.00065(66)        0.86     0.95
251   -0.026(10)      -0.00075(66)        0.88     0.92
252   -0.026(10)      -0.00085(66)        0.90     0.88
253   0.009(10)       -0.00081(66)        0.90     0.88
254   0.004(10)       -0.00079(66)        0.89     0.89
255   0.001(10)       -0.00079(66)        0.89     0.89
256   -0.007(10)      -0.00081(65)        0.89     0.90
257   0.003(10)       -0.00080(65)        0.89     0.91
258   -0.007(11)      -0.00082(65)        0.88     0.91
259   0.010(10)       -0.00078(65)        0.88     0.91
260   0.005(10)       -0.00075(65)        0.88     0.91
261   -0.008(10)      -0.00078(65)        0.88     0.92
262   0.002(10)       -0.00077(65)        0.88     0.92
263   0.003(10)       -0.00076(65)        0.88     0.93
264   0.011(10)       -0.00071(64)        0.88     0.93
265   0.007(10)       -0.00068(64)        0.88     0.93
266   0.004(10)       -0.00066(64)        0.87     0.93
267   -0.012(10)      -0.00070(64)        0.87     0.93
268   0.006(10)       -0.00068(64)        0.87     0.93
269   -0.003(10)      -0.00069(64)        0.87     0.94
270   0.010(10)       -0.00065(64)        0.87     0.94
271   -0.003(10)      -0.00066(64)        0.87     0.94
272   0.006(10)       -0.00063(63)        0.87     0.95
273   0.004(10)       -0.00062(63)        0.86     0.95
274   0.018(10)       -0.00055(63)        0.87     0.94
275   -0.017(10)      -0.00061(63)        0.88     0.93
276   -0.002(10)      -0.00061(63)        0.88     0.93
277   0.0007(104)     -0.00061(63)        0.87     0.94
278   -0.003(10)      -0.00062(63)        0.87     0.94
279   0.005(10)       -0.00060(63)        0.87     0.95
280   0.005(10)       -0.00057(63)        0.87     0.95
281   -0.015(10)      -0.00062(62)        0.87     0.95
282   -0.007(10)      -0.00065(62)        0.87     0.95
283   0.014(10)       -0.00060(62)        0.87     0.94
284   0.009(10)       -0.00056(62)        0.87     0.94
285   0.008(16)       -0.00055(62)        0.87     0.95
286   -0.016(11)      -0.00060(62)        0.87     0.94
287   -0.003(11)      -0.00061(62)        0.87     0.94
288   -0.002(10)      -0.00062(62)        0.87     0.95
289   -0.005(10)      -0.00063(62)        0.86     0.95
290   0.003(10)       -0.00062(61)        0.86     0.96
291   0.0005(105)     -0.00062(61)        0.86     0.96
292   0.027(10)       -0.00052(61)        0.88     0.93
293   -0.007(10)      -0.00054(61)        0.88     0.93
294   -0.008(10)      -0.00057(61)        0.88     0.94
295   -0.012(10)      -0.00061(61)        0.88     0.94
296   0.027(10)       -0.00051(61)        0.90     0.90
297   0.001(10)       -0.00051(61)        0.89     0.90
298   0.003(10)       -0.00050(61)        0.89     0.91
299   0.007(10)       -0.00047(61)        0.89     0.91
300   -0.017(10)      -0.00053(60)        0.90     0.90
301   -0.005(10)      -0.00054(60)        0.89     0.91
302   0.007(10)       -0.00051(60)        0.89     0.91
303   -0.008(10)      -0.00054(60)        0.89     0.91
304   0.004(10)       -0.00052(60)        0.89     0.92
305   0.003(10)       -0.00051(60)        0.89     0.92
306   -0.013(10)      -0.00055(60)        0.89     0.92
307   -0.0007(104)    -0.00055(60)        0.89     0.93
308   -0.006(10)      -0.00057(60)        0.88     0.93
309   0.020(10)       -0.00050(60)        0.89     0.91
310   0.002(11)       -0.00050(59)        0.89     0.92
311   -0.007(11)      -0.00052(59)        0.89     0.92
312   -0.021(11)      -0.00058(59)        0.90     0.90
313   -0.004(10)      -0.00059(59)        0.89     0.91
314   0.007(10)       -0.00056(59)        0.89     0.91
315   -0.009(10)      -0.00059(59)        0.89     0.91
316   0.004(10)       -0.00058(59)        0.89     0.92
317   -0.006(10)      -0.00060(59)        0.89     0.92
318   -0.009(10)      -0.00062(59)        0.89     0.92
319   -0.008(10)      -0.00065(59)        0.89     0.93
320   0.017(10)       -0.00059(59)        0.89     0.92
321   -0.006(10)      -0.00061(58)        0.89     0.92
322   -0.004(10)      -0.00062(58)        0.89     0.93
323   0.022(10)       -0.00055(58)        0.90     0.90
324   -0.012(10)      -0.00058(58)        0.90     0.90
325   0.007(10)       -0.00056(58)        0.90     0.90
326   0.013(10)       -0.00052(58)        0.90     0.90
327   0.012(10)       -0.00048(58)        0.90     0.89
328   0.001(10)       -0.00047(58)        0.90     0.90
329   0.001(10)       -0.00047(58)        0.90     0.91
330   -0.005(10)      -0.00048(58)        0.90     0.91
331   0.007(10)       -0.00046(58)        0.89     0.92
332   0.0006(104)     -0.00046(57)        0.89     0.92
333   0.019(10)       -0.00040(57)        0.90     0.91
334   -0.017(10)      -0.00045(57)        0.90     0.89
335   0.008(10)       -0.00043(57)        0.90     0.90
336   0.007(10)       -0.00040(57)        0.90     0.90
337   -0.009(10)      -0.00043(57)        0.90     0.90
338   -0.008(10)      -0.00045(57)        0.90     0.90
339   0.008(10)       -0.00043(57)        0.90     0.91
340   0.003(10)       -0.00042(57)        0.90     0.91
341   -0.004(10)      -0.00043(57)        0.90     0.92
342   0.003(10)       -0.00042(57)        0.89     0.92
343   -0.007(10)      -0.00044(57)        0.89     0.93
344   0.014(10)       -0.00040(56)        0.89     0.92
345   0.007(10)       -0.00038(56)        0.89     0.92
346   0.002(10)       -0.00037(56)        0.89     0.93
347   -0.010(10)      -0.00040(56)        0.89     0.93
348   0.008(10)       -0.00037(56)        0.89     0.93
349   -0.003(10)      -0.00038(56)        0.89     0.94
350   -0.0001(104)    -0.00038(56)        0.88     0.94
351   0.014(10)       -0.00033(56)        0.89     0.94
352   -0.006(10)      -0.00035(56)        0.89     0.94
353   -0.011(10)      -0.00038(56)        0.89     0.94
354   -0.001(10)      -0.00038(56)        0.88     0.94
355   -0.004(10)      -0.00039(56)        0.88     0.95
356   -0.004(10)      -0.00040(55)        0.88     0.95
357   0.003(10)       -0.00039(55)        0.88     0.95
358   0.0005(104)     -0.00039(55)        0.88     0.96
359   0.005(10)       -0.00038(55)        0.87     0.96
360   0.004(10)       -0.00036(55)        0.87     0.96
361   0.009(10)       -0.00034(55)        0.87     0.96
362   0.001(10)       -0.00033(55)        0.87     0.97
363   -0.018(10)      -0.00038(55)        0.87     0.96
364   0.017(10)       -0.00033(55)        0.88     0.95
365   0.006(10)       -0.00032(55)        0.88     0.95
366   -0.0008(104)    -0.00032(55)        0.88     0.96
367   0.010(10)       -0.00029(55)        0.88     0.96
368   0.010(10)       -0.00026(55)        0.88     0.96
369   0.011(10)       -0.00023(54)        0.88     0.96
370   0.001(10)       -0.00023(54)        0.88     0.96
371   -0.003(10)      -0.00024(54)        0.87     0.96
372   0.002(10)       -0.00023(54)        0.87     0.97
373   -0.012(10)      -0.00026(54)        0.87     0.96
374   -0.001(10)      -0.00026(54)        0.87     0.97
375   0.016(10)       -0.00022(54)        0.87     0.96
376   0.0008(104)     -0.00022(54)        0.87     0.97
377   0.002(10)       -0.00021(54)        0.87     0.97
378   0.003(10)       -0.00020(54)        0.87     0.97
379   -0.009(10)      -0.00023(54)        0.87     0.97
380   0.001(10)       -0.00022(54)        0.86     0.97
381   0.001(10)       -0.00022(54)        0.86     0.98
382   -0.007(10)      -0.00024(54)        0.86     0.98
383   -0.010(10)      -0.00026(53)        0.86     0.98
384   -0.002(10)      -0.00027(53)        0.86     0.98
385   -0.001(10)      -0.00027(53)        0.86     0.98
386   0.007(10)       -0.00025(53)        0.86     0.98
387   0.014(10)       -0.00021(53)        0.86     0.98
388   -0.006(10)      -0.00023(53)        0.86     0.98
389   -0.003(10)      -0.00024(53)        0.86     0.98
390   -0.002(10)      -0.00024(53)        0.85     0.98
391   0.012(10)       -0.00021(53)        0.85     0.98
392   -0.0009(104)    -0.00021(53)        0.85     0.98
393   -0.016(10)      -0.00025(53)        0.86     0.98
394   -0.002(10)      -0.00025(53)        0.85     0.98
395   0.004(10)       -0.00024(53)        0.85     0.98
396   -0.003(10)      -0.00025(53)        0.85     0.99
397   0.003(10)       -0.00024(52)        0.85     0.99
398   -0.019(10)      -0.00029(52)        0.85     0.98
399   0.009(10)       -0.00027(52)        0.85     0.98
400   -0.009(10)      -0.00029(52)        0.85     0.98

==================================================
